ADC Test Program

Sample frequency (Hz): 1000
Number of samples: 100
Press ENTER to begin sampling.

100Hz

106
241
248
315
370
385
415
466
432
383
398
333
295
282
258
250
337
385
426
487
592
536
580
572
508
471
471
404
367
413
355
337
377
389
374
493
508
499
554
602
538
543
516
429
372
353
296
294
351
361
389
471
507
473
538
537
538
565
583
484
483
464
374
355
366
338
369
461
499
524
590
589
562
599
546
497
469
460
367
417
393
359
375
432
417
478
558
540
556
623
577
527
525
442
373
348
354
293
374
397
_________________________________________________________
500Hz

73
185
236
259
343
346
309
334
342
296
278
225
171
230
278
305
313
411
398
434
491
486
437
482
445
388
401
380
289
302
321
309
352
417
413
428
512
483
487
502
474
422
468
372
325
326
343
305
366
396
376
416
501
477
501
516
473
473
493
429
349
339
300
303
346
378
335
433
468
478
502
544
488
512
519
448
378
355
300
294
335
341
352
447
483
477
525
524
504
524
527
421
416
403
369
342
378
345
384
457
_________________________________________________________
2kHz

27
52
45
117
145
161
244
328
338
421
458
413
446
454
395
356
371
261
271
298
282
267
361
363
397
482
499
449
528
498
452
457
453
327
312
324
283
313
378
364
389
496
497
499
547
525
473
525
469
396
366
360
270
339
353
347
368
469
460
517
552
531
513
546
486
430
430
362
322
354
334
311
375
404
402
468
539
482
531
528
485
459
472
348
307
330
314
308
391
375
392
487
524
492
555
533
484
497
490
409

_______________________________________________
take2:
100Hz
Press ENTER to begin sampling.


ADC Test Program

Sample frequency (Hz): 1000
Number of samples: 100
Press ENTER to begin sampling.
27
52
45
117
145
161
244
328
338
421
458
413
446
454
395
356
371
261
271
298
282
267
361
363
397
482
499
449
528
498
452
457
453
327
312
324
283
313
378
364
389
496
497
499
547
525
473
525
469
396
366
360
270
339
353
347
368
469
460
517
552
531
513
546
486
430
430
362
322
354
334
311
375
404
402
468
539
482
531
528
485
459
472
348
307
330
314
308
391
375
392
487
524
492
555
533
484
497
490
409

Sample frequency (Hz): 1000
Number of samples: 100
Press ENTER to begin sampling.


ADC Test Program

Sample frequency (Hz): 1000
Number of samples: 100
Press ENTER to begin sampling.
0
21
39
51
53
49
0
0
0
0
3
25
41
52
54
49
0
0
0
0
3
26
43
55
56
51
0
0
0
0
3
25
41
53
54
49
0
0
0
0
3
26
43
54
56
51
0
0
0
0
3
25
41
54
55
51
0
0
0
0
3
25
42
53
54
50
0
0
0
0
3
26
43
54
56
52
0
0
0
0
2
25
41
53
54
49
0
0
0
0
3
26
42
54
55
50
0
0
0
0




